|1 2 2| |x1| = |3|
|4 4 2| |x2| = |6|
|4 6 4| |x3| = |10|

3
1 2 2
4 4 2
4 6 4
3 6 10

x1 = -1.0
x2 = 3.0
x3 = -1.0

LU
    |1  0  0|
L = |4  1  0|
    |4 0.5 1|

    |1  2  2|
U = |0 -4 -6|
    |0  0 -1|

    |1  2  2|
L = |4 -4 -6|
    |4 0.5 1|

-----------------------------------------------------------------------------------------------------
|1 1 1 1  | |x1| = |10|
|2 -1 1 -1| |x2| = |2|
|-1 3 2 1 | |x3| = |9|
|3 1 -1 2 | |x4| = |8| 

4
1 1 1 1
2 -1 1 -1
-1 3 2 1
3 1 -1 2
10 2 9 8

x1 = 0.6666666666666665
x2 = -2.3333333333333335
x3 = 5.0
x4 = 6.666666666666667
-----------------------------------------------------------------------------------------------------

11
3 -2 5 1 -4 2 1 -3 6 -1 4
1 7 -3 2 1 -5 4 1 -2 3 -1
-2 4 1 -6 3 1 -2 5 1 -4 2
5 -1 2 4 -3 6 1 -2 3 1 -5
1 3 -5 1 6 -2 3 1 -4 2 1
-4 2 1 -3 1 5 -1 4 2 -1 3
2 -6 4 1 -1 3 5 -2 1 4 -3
1 1 -2 5 3 -1 2 -6 4 1 1
-3 5 1 2 -4 1 1 3 -5 6 -2
4 -1 3 -2 5 1 -4 1 3 -3 5
1 2 1 1 2 -3 1 2 1 5 -4
83 47 14 92 75 58 29 101 37 116 62

x1 = 20.327365864345136
x2 = 17.125652311098357
x3 = -10.407408327284722
x4 = -27.427586242613504
x5 = 3.3990194297518777
x6 = 17.81114850969294
x7 = -10.172939415299833
x8 = -20.948096835906274
x9 = 9.026610171926677
x10 = 35.45271428798955
x11 = 10.582329442957636

-----------------------------------------------------------------------------------------------------

3
3 -1 -1
-1 3 -1
-1 -1 3
1 2 1

Jacobi:
x0 = (1.000 1.000 1.000)
x1 = (1.000 1.333 1.000)    R = 0.171
x2 = (1.111 1.333 1.113)    R = 0.076
...
x12 = (1.246 1.496 1.246)   R = 9.98 * 10^-4

Gauss Seidl
x0 = (1.000 1.000 1.000)
x1 = (1.000 1.333 1.111)    R = 0.175
x2 = (1.148 1.420 1.189)    R = 0.087
...
x12 = (1.249 1.499 1.249)   R = 7.44 * 10^-4

x_exato = (1.25 1.50 1.25)